STATIONS_ID,MESS_DATUM_BEGINN,MESS_DATUM_ENDE,QN_4,MO_N,MO_TT,MO_TX,MO_TN,MO_FK,MX_TX,MX_FX,MX_TN,MO_SD_S,QN_6,MO_RR,MX_RS,eor
1262,20000101,20000131,10,5.91,-1.6,1.5,-5.1,2.47,10.2,23.0,-21.8,69.9,9,41.2,11.8,eor
1262,20000201,20000229,10,5.78,3.8,7.9,0.1,2.63,18.7,21.0,-6.8,93.0,9,57.1,6.3,eor
1262,20000301,20000331,10,6.24,5.4,9.6,1.6,3.03,16.6,24.0,-4.6,112.0,9,91.5,25.3,eor
1262,20000401,20000430,10,5.12,10.2,15.9,4.3,2.13,24.9,17.0,-3.2,183.8,9,57.5,28.7,eor
1262,20000501,20000531,10,4.88,15.2,20.8,9.1,1.97,27.3,23.0,2.3,243.4,9,101.6,29.4,eor
1262,20000601,20000630,10,3.83,18.2,23.9,11.1,2.12,31.1,18.0,3.4,304.8,9,82.7,30.9,eor
1262,20000701,20000731,10,5.62,16.4,21.3,12.0,2.43,28.2,28.0,7.1,189.0,9,147.7,27.4,eor
1262,20000801,20000831,10,3.83,18.8,24.5,13.0,1.77,31.3,21.0,7.5,250.1,9,61.9,13.2,eor
1262,20000901,20000930,10,5.05,13.7,19.1,9.4,1.92,24.8,15.0,4.9,150.4,9,90.6,41.7,eor
1262,20001001,20001031,10,7.06,10.1,13.7,7.2,1.86,24.2,16.0,2.4,53.3,9,87.0,26.1,eor
1262,20001101,20001130,10,5.81,4.8,8.9,1.0,1.85,15.4,17.0,-5.2,92.7,9,38.6,10.6,eor
1262,20001201,20001231,10,6.75,2.0,4.9,-0.7,2.23,16.2,20.0,-10.6,60.0,9,35.6,11.9,eor
1262,20010101,20010131,10,5.40,-1.3,2.0,-4.4,1.93,9.1,18.0,-14.3,93.9,9,53.9,21.9,eor
1262,20010201,20010228,10,5.74,2.3,6.1,-1.1,2.59,14.5,21.0,-7.5,96.8,9,36.0,8.5,eor
1262,20010301,20010331,10,6.54,6.3,10.3,2.7,2.61,16.9,25.0,-3.7,94.3,9,137.2,18.6,eor
1262,20010401,20010430,10,6.16,7.3,12.0,2.8,2.57,24.4,26.3,-2.6,145.3,9,52.0,10.2,eor
1262,20010501,20010531,10,4.52,15.6,21.1,9.3,2.35,27.5,18.9,3.7,276.7,9,48.2,12.6,eor
1262,20010601,20010630,10,4.77,14.9,19.9,9.5,2.43,29.2,20.2,4.4,242.0,9,107.2,30.2,eor
1262,20010701,20010731,10,4.06,18.3,24.1,12.0,2.10,31.5,28.0,7.2,266.9,9,40.9,16.0,eor
1262,20010801,20010831,10,3.97,19.0,24.8,13.3,2.03,31.6,21.2,7.0,246.1,9,107.9,24.5,eor
1262,20010901,20010930,10,6.49,11.6,15.3,7.7,2.57,22.6,22.7,0.4,75.1,9,120.9,21.4,eor
1262,20011001,20011031,10,4.96,12.4,18.0,7.2,1.90,26.2,17.5,1.5,154.9,9,37.4,10.5,eor
1262,20011101,20011130,10,6.09,2.4,5.3,-0.4,2.50,12.5,25.0,-6.2,60.2,9,76.3,14.5,eor
1262,20011201,20011231,10,6.00,-1.4,1.4,-4.8,3.13,10.1,23.6,-22.3,80.2,9,53.8,18.2,eor
1262,20020101,20020131,10,5.78,-0.8,2.7,-4.5,2.42,15.1,27.6,-16.8,88.1,9,10.7,2.4,eor
1262,20020201,20020228,10,5.89,5.2,9.3,0.9,3.68,14.9,33.9,-5.3,85.0,9,47.6,10.1,eor
1262,20020301,20020331,10,4.59,5.6,11.2,0.0,2.39,18.2,21.9,-4.5,202.0,9,93.5,32.9,eor
1262,20020401,20020430,10,4.65,8.4,13.5,3.2,2.57,20.6,22.8,-4.4,-999,9,15.6,8.0,eor
1262,20020501,20020531,10,5.47,14.1,19.5,8.8,2.23,28.0,16.0,5.1,209.1,9,88.9,41.9,eor
1262,20020601,20020630,10,4.15,19.0,24.7,12.9,2.23,32.7,17.8,6.1,284.0,9,65.3,20.1,eor
1262,20020701,20020731,10,5.02,18.3,23.6,13.2,2.32,30.9,21.7,7.4,229.9,9,93.5,18.7,eor
1262,20020801,20020831,10,4.68,18.3,23.2,13.5,2.06,28.0,18.0,10.5,-999,9,141.0,47.7,eor
1262,20020901,20020930,10,4.64,12.1,17.2,7.0,2.10,26.9,12.0,-1.2,178.7,9,89.2,24.9,eor
1262,20021001,20021031,10,5.99,8.9,13.1,4.9,2.52,20.5,30.3,-2.0,96.0,9,99.4,13.1,eor
1262,20021101,20021130,10,6.59,6.0,9.1,3.1,2.30,14.3,20.5,-2.4,40.3,9,106.6,17.2,eor
1262,20021201,20021231,10,6.38,1.4,3.7,-1.2,2.55,12.8,21.3,-8.9,40.6,9,84.5,21.8,eor
1262,20030101,20030131,10,6.14,-1.4,1.7,-4.7,2.58,13.7,30.4,-19.2,65.1,9,47.4,10.3,eor
1262,20030201,20030228,10,4.22,-4.4,0.9,-10.1,2.07,11.4,15.8,-17.9,138.4,9,20.9,10.3,eor
1262,20030301,20030331,10,4.14,5.4,11.5,-0.5,2.10,19.5,16.2,-4.2,187.7,9,18.1,4.9,eor
1262,20030401,20030430,10,4.45,8.7,14.6,2.2,2.63,24.6,23.5,-6.6,-999,9,20.9,3.6,eor
1262,20030501,20030531,10,5.37,15.4,20.9,9.7,2.32,30.4,26.7,0.5,219.9,9,68.2,15.9,eor
1262,20030601,20030630,10,4.13,21.5,27.6,14.7,2.07,35.1,20.8,8.1,318.8,9,51.3,18.4,eor
1262,20030701,20030731,10,4.05,19.6,25.9,13.3,2.26,33.9,20.4,8.9,-999,9,83.2,30.2,eor
1262,20030801,20030831,10,3.20,22.4,29.5,14.9,1.90,37.1,20.1,8.5,306.5,9,27.3,7.6,eor
1262,20030901,20030930,10,3.74,13.9,20.7,7.2,2.00,28.4,15.3,0.6,227.6,9,27.9,8.7,eor
1262,20031001,20031031,10,5.18,6.3,10.6,1.8,2.61,22.2,19.7,-6.7,126.0,9,90.8,31.3,eor
1262,20031101,20031130,10,5.87,4.1,7.9,0.3,2.20,13.9,16.8,-4.6,76.3,9,24.3,15.1,eor
1262,20031201,20031231,10,5.55,0.0,3.7,-3.3,2.35,10.3,23.3,-13.0,72.6,9,31.2,6.5,eor
1262,20040101,20040131,10,6.87,-1.0,2.0,-4.7,2.74,12.0,29.1,-17.5,47.9,9,122.5,26.6,eor
1262,20040201,20040229,10,6.20,1.9,5.3,-2.3,2.97,17.9,27.1,-15.1,92.1,9,25.2,9.6,eor
1262,20040301,20040331,10,5.32,3.2,8.0,-1.6,2.39,21.7,24.1,-7.8,161.7,9,33.5,18.5,eor
1262,20040401,20040430,10,4.94,9.6,14.9,3.8,2.33,23.9,16.2,-2.6,212.2,9,49.8,16.2,eor
1262,20040501,20040531,10,5.28,11.8,16.6,6.0,2.32,25.3,16.6,0.4,205.4,9,45.0,10.7,eor
1262,20040601,20040630,10,5.27,16.1,21.2,10.4,2.17,30.3,20.1,5.2,217.7,9,94.3,19.9,eor
1262,20040701,20040731,10,4.82,17.8,23.1,12.6,2.19,29.9,25.5,8.3,239.8,9,86.2,31.5,eor
1262,20040801,20040831,10,4.61,19.0,24.7,13.4,2.32,30.6,28.9,8.9,244.3,9,52.7,16.1,eor
1262,20040901,20040930,10,4.42,14.4,19.8,8.8,2.43,27.4,22.1,3.4,197.1,9,66.1,19.4,eor
1262,20041001,20041031,10,5.95,10.3,15.2,5.6,1.94,26.0,22.2,-0.9,105.3,9,64.4,17.7,eor
1262,20041101,20041130,10,6.55,3.8,6.3,1.1,2.77,12.3,26.2,-6.2,54.6,9,28.1,4.7,eor
1262,20041201,20041231,10,6.89,-0.8,1.6,-3.7,2.16,9.9,27.2,-17.0,42.8,9,27.3,7.4,eor
1262,20050101,20050131,10,5.24,-0.1,3.9,-4.5,2.87,14.7,26.7,-19.8,104.5,9,37.4,12.8,eor
1262,20050201,20050228,10,5.84,-3.2,0.4,-7.5,2.61,11.0,28.4,-23.3,87.8,9,42.0,8.5,eor
1262,20050301,20050331,10,5.56,2.6,7.8,-3.3,2.45,19.3,22.8,-25.1,161.9,9,24.7,9.5,eor
1262,20050401,20050430,10,5.18,9.5,14.2,4.1,2.37,22.3,15.7,-2.3,185.0,9,89.4,26.8,eor
1262,20050501,20050531,10,4.78,13.5,18.9,7.2,2.32,30.1,22.4,0.3,250.1,9,85.0,16.7,eor
1262,20050601,20050630,10,4.75,17.7,22.7,12.1,2.07,30.2,21.6,6.1,254.5,9,73.6,30.0,eor
1262,20050701,20050731,10,5.20,18.4,23.7,13.2,2.19,32.6,22.8,7.3,218.9,9,102.4,13.5,eor
1262,20050801,20050831,10,5.20,16.3,21.0,11.8,2.23,26.2,17.7,7.4,183.6,9,100.4,20.8,eor
1262,20050901,20050930,10,4.45,14.9,20.4,9.8,2.03,28.5,15.7,4.5,191.8,9,48.0,25.8,eor
1262,20051001,20051031,10,4.54,9.8,15.4,4.8,1.97,21.5,14.4,-0.6,151.9,9,41.0,24.3,eor
1262,20051101,20051130,10,6.55,2.3,5.3,-1.3,2.07,15.8,16.1,-13.1,44.7,9,31.0,6.0,eor
1262,20051201,20051231,10,6.65,-1.3,1.2,-4.3,2.55,7.9,27.9,-15.9,48.2,9,39.0,9.8,eor
1262,20060101,20060131,10,5.49,-4.1,-1.1,-7.3,2.00,5.0,15.8,-14.4,91.6,9,26.9,17.5,eor
1262,20060201,20060228,10,6.40,-1.9,1.7,-5.7,2.39,9.6,19.0,-15.9,61.8,9,37.3,15.1,eor
1262,20060301,20060331,10,5.83,1.9,5.8,-2.5,2.71,21.2,19.0,-17.3,116.9,9,104.3,20.4,eor
1262,20060401,20060430,10,5.72,8.9,13.5,4.2,2.43,21.2,20.5,-3.1,155.6,9,85.7,18.4,eor
1262,20060501,20060531,10,5.12,13.5,18.5,8.1,2.81,28.6,19.1,0.5,220.8,9,74.4,12.8,eor
1262,20060601,20060630,10,4.46,17.6,23.1,11.4,2.03,29.6,23.2,3.4,285.0,9,80.8,24.1,eor
1262,20060701,20060731,10,2.85,21.9,28.3,15.1,2.10,33.3,21.7,10.7,355.4,9,31.4,15.4,eor
1262,20060801,20060831,10,5.96,15.4,20.2,11.3,2.68,27.0,17.2,6.2,147.2,9,133.5,30.8,eor
1262,20060901,20060930,10,3.98,16.3,22.3,10.3,2.13,29.1,17.2,5.2,211.9,9,18.9,7.9,eor
1262,20061001,20061031,10,4.63,11.5,17.6,5.9,2.00,22.8,16.7,-1.3,165.9,9,38.1,24.0,eor
1262,20061101,20061130,10,6.01,5.6,9.8,1.2,2.63,16.8,21.8,-4.9,85.3,9,32.6,7.6,eor
1262,20061201,20061231,10,5.61,2.0,5.8,-1.3,1.90,15.2,15.6,-7.9,94.6,9,32.9,10.4,eor
1262,20070101,20070131,10,6.50,4.3,7.3,0.7,3.55,14.9,33.0,-15.3,45.1,9,40.0,4.9,eor
1262,20070201,20070228,10,5.63,4.3,8.8,-0.2,2.61,13.2,25.6,-5.0,110.4,9,55.9,9.2,eor
1262,20070301,20070331,10,4.75,5.7,11.0,0.6,2.81,16.2,23.6,-2.8,171.0,9,29.7,4.5,eor
1262,20070401,20070430,10,2.50,12.1,19.2,3.7,2.27,24.9,14.7,-1.4,336.4,9,8.8,8.8,eor
1262,20070501,20070531,10,4.81,15.0,20.6,8.9,2.90,29.9,23.5,2.4,262.4,9,125.9,38.0,eor
1262,20070601,20070630,10,4.98,18.4,23.7,12.6,2.50,29.9,26.4,7.5,265.9,9,79.9,42.9,eor
1262,20070701,20070731,10,4.74,18.5,24.1,13.2,2.74,33.8,29.2,7.2,259.0,9,145.3,30.9,eor
1262,20070801,20070831,10,4.95,17.2,22.4,11.9,2.03,29.6,13.2,5.6,200.9,9,81.1,19.6,eor
1262,20070901,20070930,10,5.23,12.4,17.5,7.4,2.27,24.8,17.2,2.9,142.0,9,110.7,22.1,eor
1262,20071001,20071031,10,5.29,8.0,12.7,3.3,1.77,23.0,13.5,-1.4,132.0,9,11.3,3.7,eor
1262,20071101,20071130,10,6.75,2.2,4.7,-0.5,2.90,10.4,25.3,-6.9,42.8,9,30.9,9.7,eor
1262,20071201,20071231,10,6.61,0.3,2.7,-2.5,2.42,13.5,22.3,-9.7,43.7,9,32.8,8.8,eor
1262,20080101,20080131,10,6.10,2.4,5.8,-1.0,2.61,12.5,21.3,-5.8,91.6,9,32.0,8.8,eor
1262,20080201,20080229,10,3.99,3.1,8.2,-2.0,2.45,20.0,21.1,-9.0,177.2,9,19.0,5.4,eor
1262,20080301,20080331,10,5.79,4.6,8.6,0.3,3.29,18.9,30.2,-7.0,128.5,9,58.0,18.1,eor
1262,20080401,20080430,10,5.85,8.5,13.2,3.3,2.63,22.0,20.9,-4.9,151.2,9,106.9,23.0,eor
1262,20080501,20080531,10,4.31,14.8,20.2,8.9,2.19,29.6,17.8,3.3,272.0,9,40.8,13.7,eor
1262,20080601,20080630,10,5.21,18.2,23.2,12.8,2.07,31.8,16.9,4.7,229.8,9,92.1,29.7,eor
1262,20080701,20080731,10,5.00,18.3,23.6,12.9,2.26,30.9,22.2,9.1,239.7,9,136.4,34.0,eor
1262,20080801,20080831,10,4.78,18.2,23.8,12.6,2.06,31.1,19.3,6.5,239.4,9,83.9,18.8,eor
1262,20080901,20080930,10,5.68,12.4,16.8,7.9,1.93,27.5,20.0,0.5,129.3,9,19.8,7.0,eor
1262,20081001,20081031,10,5.82,9.2,14.1,4.5,1.90,21.2,17.9,-1.6,108.0,9,42.3,12.0,eor
1262,20081101,20081130,10,6.05,4.2,8.2,0.2,2.13,20.2,23.6,-8.3,74.6,9,38.2,16.9,eor
1262,20081201,20081231,10,6.09,0.9,3.2,-1.5,2.58,8.5,17.6,-10.1,71.3,9,30.7,8.2,eor
1262,20090101,20090131,10,5.36,-3.5,-0.1,-7.0,1.81,6.7,19.6,-16.4,89.6,9,24.6,12.7,eor
1262,20090201,20090228,10,6.83,-0.6,2.3,-3.9,2.64,11.2,24.1,-16.9,49.2,9,31.9,5.0,eor
1262,20090301,20090331,10,6.85,4.0,7.6,0.8,2.87,14.9,24.2,-3.7,63.9,9,62.9,8.9,eor
1262,20090401,20090430,10,3.82,12.1,18.7,4.9,2.20,22.8,21.4,0.0,252.9,9,23.6,5.9,eor
1262,20090501,20090531,10,5.37,14.8,19.9,9.1,2.16,28.5,27.1,0.5,225.2,9,106.3,30.9,eor
1262,20090601,20090630,10,5.74,16.1,20.7,11.4,2.10,28.3,23.2,7.1,196.6,9,166.5,37.0,eor
1262,20090701,20090731,10,4.77,18.7,24.1,13.3,2.16,34.7,21.8,8.3,227.4,9,107.4,21.8,eor
1262,20090801,20090831,10,4.00,19.3,25.1,13.2,1.84,31.1,16.8,6.1,263.3,9,47.1,10.6,eor
1262,20090901,20090930,10,4.60,15.3,20.9,10.2,1.60,29.6,18.0,4.7,191.2,9,29.9,9.2,eor
1262,20091001,20091031,10,6.28,8.7,12.6,4.8,2.03,26.9,18.3,-1.8,101.5,9,57.3,10.5,eor
1262,20091101,20091130,10,5.80,6.3,10.7,1.9,2.17,18.0,21.9,-3.5,84.2,9,44.9,17.2,eor
1262,20091201,20091231,10,6.85,0.3,3.2,-2.8,2.26,10.8,16.8,-16.5,46.0,9,72.7,13.4,eor
1262,20100101,20100131,10,7.23,-2.9,-1.0,-5.2,2.19,5.8,15.7,-14.9,32.3,9,22.2,3.9,eor
1262,20100201,20100228,10,6.92,-0.6,2.7,-3.9,2.29,12.9,22.9,-15.1,61.7,9,26.7,6.7,eor
1262,20100301,20100331,10,5.67,4.3,9.3,-0.8,2.90,24.0,22.4,-15.9,167.1,9,28.7,7.1,eor
1262,20100401,20100430,10,4.46,9.1,14.8,2.4,2.03,25.2,15.5,-3.5,224.6,9,34.0,14.3,eor
1262,20100501,20100531,10,6.73,12.0,15.7,8.3,2.32,26.4,16.8,3.1,116.1,9,118.1,21.7,eor
1262,20100601,20100630,10,5.13,17.1,21.4,12.3,1.93,31.1,16.9,8.3,208.0,9,131.5,38.7,eor
1262,20100701,20100731,10,4.19,20.5,25.9,14.5,1.97,32.6,20.7,8.9,305.8,9,122.5,28.4,eor
1262,20100801,20100831,10,5.85,17.3,22.0,12.7,2.23,29.7,20.8,8.6,164.9,9,142.0,28.8,eor
1262,20100901,20100930,10,5.48,12.4,17.6,7.0,1.80,23.4,17.2,2.6,164.8,9,58.7,35.1,eor
1262,20101001,20101031,10,5.54,7.8,12.2,3.7,1.94,20.4,13.5,-3.7,120.3,9,24.9,6.5,eor
1262,20101101,20101130,10,6.59,5.1,8.1,1.5,2.50,18.5,25.4,-17.1,67.0,9,44.5,10.0,eor
1262,20101201,20101231,10,7.17,-2.9,0.0,-6.6,2.26,12.3,21.9,-18.5,36.5,9,84.9,25.9,eor
1262,20110101,20110131,10,6.33,-0.1,3.0,-3.1,2.13,12.1,17.1,-15.3,55.3,9,41.7,8.9,eor
1262,20110201,20110228,10,6.04,0.9,4.5,-2.5,2.11,15.0,16.4,-9.8,86.0,9,13.5,3.3,eor
1262,20110301,20110331,10,4.05,5.4,11.1,-0.3,2.19,18.5,17.2,-6.4,197.4,9,53.1,32.8,eor
1262,20110401,20110430,10,3.91,11.6,18.3,4.1,2.20,24.6,18.5,-2.0,269.8,9,20.2,12.3,eor
1262,20110501,20110531,10,4.44,14.6,21.3,7.5,2.00,28.8,16.9,-1.3,298.8,9,78.1,18.2,eor
1262,20110601,20110630,10,5.76,17.0,22.0,11.9,2.23,29.8,20.5,8.5,182.0,9,138.6,48.0,eor
1262,20110701,20110731,10,5.69,16.6,21.9,11.8,2.23,28.5,21.3,6.9,194.4,9,150.7,31.0,eor
1262,20110801,20110831,10,4.26,19.2,25.6,13.2,1.74,33.8,21.7,7.3,265.5,9,59.6,14.6,eor
1262,20110901,20110930,10,4.37,15.0,21.2,9.0,1.80,28.6,19.6,4.1,212.6,9,63.7,15.8,eor
1262,20111001,20111031,10,4.75,8.4,13.8,2.9,2.16,22.8,21.1,-5.6,165.7,7,32.6,11.1,eor
1262,20111101,20111130,10,6.17,2.7,6.6,-0.9,1.60,16.5,10.1,-5.1,77.0,7,1.4,1.3,eor
1262,20111201,20111231,10,6.81,3.4,6.7,0.3,3.00,13.6,27.1,-8.2,39.7,7,77.6,11.5,eor
1262,20120101,20120131,7,6.34,1.3,4.2,-1.9,3.06,11.9,27.8,-11.1,66.7,3,72.4,17.9,eor
1262,20120201,20120229,3,5.50,-4.1,-0.4,-8.5,2.38,11.9,21.5,-23.1,106.8,3,12.3,2.1,eor
1262,20120301,20120331,3,4.83,6.4,12.1,0.3,1.97,19.8,18.2,-4.7,170.8,3,11.4,3.8,eor
1262,20120401,20120430,3,5.98,9.1,14.1,3.0,2.20,30.3,14.1,-4.1,165.5,3,45.1,7.6,eor
1262,20120501,20120531,3,4.72,14.4,20.8,7.2,1.97,29.9,21.2,-0.8,263.6,3,55.3,11.3,eor
1262,20120601,20120630,3,5.35,17.3,22.9,11.2,2.20,31.0,18.8,5.9,229.2,3,125.6,20.5,eor
1262,20120701,20120731,3,5.25,18.5,23.8,13.1,2.19,30.9,16.9,7.6,228.6,3,86.0,23.2,eor
1262,20120801,20120831,3,4.35,18.6,25.1,11.5,1.94,34.1,24.7,5.7,278.9,3,125.5,25.1,eor
1262,20120901,20120930,3,5.15,13.7,19.4,7.6,1.73,27.3,12.8,0.4,167.1,3,44.2,10.3,eor
1262,20121001,20121031,3,6.10,8.3,12.8,3.4,2.00,24.2,16.2,-4.4,111.2,3,40.0,9.7,eor
1262,20121101,20121130,3,7.05,4.8,8.0,1.4,2.00,16.4,17.8,-5.6,56.2,3,53.0,22.8,eor
1262,20121201,20121231,3,6.55,1.0,4.3,-2.9,2.65,15.4,23.2,-20.2,58.7,3,64.4,13.7,eor
1262,20130101,20130131,3,7.19,0.1,2.4,-3.5,2.39,14.6,21.6,-14.9,24.0,3,53.2,15.2,eor
1262,20130201,20130228,3,7.16,-1.7,1.2,-5.4,2.25,8.3,19.7,-15.5,39.5,3,59.8,26.4,eor
1262,20130301,20130331,3,6.06,1.5,5.6,-2.9,2.26,16.5,17.5,-9.0,118.3,3,37.5,7.3,eor
1262,20130401,20130430,3,6.20,8.9,13.9,3.5,2.17,24.7,21.0,-5.0,123.5,3,34.4,10.1,eor
1262,20130501,20130531,3,6.35,11.8,16.3,7.0,2.35,24.2,16.5,1.1,129.1,3,134.5,26.0,eor
1262,20130601,20130630,3,5.37,15.8,21.0,10.0,2.07,33.1,18.7,4.5,209.4,3,140.2,41.5,eor
1262,20130701,20130731,3,3.51,20.1,27.0,12.1,1.81,35.3,14.4,6.6,336.6,3,12.4,7.6,eor
1262,20130801,20130831,3,4.40,18.2,24.7,10.9,1.77,35.2,18.5,5.4,251.3,3,70.7,17.8,eor
1262,20130901,20130930,3,5.78,13.5,18.5,8.0,2.20,27.3,15.1,3.7,127.1,3,83.3,14.9,eor
1262,20131001,20131031,3,5.92,9.7,14.8,4.3,1.90,22.6,13.8,-0.4,105.5,3,72.2,24.4,eor
1262,20131101,20131130,3,6.83,4.2,6.8,1.0,2.27,18.2,18.3,-10.6,45.9,3,47.6,7.9,eor
1262,20131201,20131231,3,5.82,1.2,5.2,-2.6,2.06,16.1,22.7,-7.0,98.1,3,9.1,2.5,eor
1262,20140101,20140131,3,6.81,1.8,5.1,-1.8,-999,14.5,14.9,-6.6,43.9,3,45.6,9.1,eor
1262,20140201,20140228,3,5.60,3.2,8.4,-2.3,2.00,16.8,21.7,-6.6,112.5,3,11.2,4.0,eor
1262,20140301,20140331,3,4.17,6.5,13.6,-1.5,2.19,21.7,20.0,-5.6,212.9,3,19.5,8.5,eor
1262,20140401,20140430,3,5.63,10.2,16.0,3.3,2.03,21.3,18.1,-5.3,163.6,3,32.3,10.8,eor
1262,20140501,20140531,3,5.95,12.5,17.8,6.7,2.23,28.8,21.6,-0.7,170.6,3,107.0,32.1,eor
1262,20140601,20140630,3,4.23,17.0,23.6,9.1,1.93,32.5,14.6,3.9,296.3,3,49.6,12.9,eor
1262,20140701,20140731,3,5.54,18.6,24.2,12.5,2.19,31.5,17.3,7.6,208.8,3,144.4,58.0,eor
1262,20140801,20140831,3,5.72,16.4,21.7,10.8,2.26,28.7,16.6,5.0,174.7,3,86.2,17.9,eor
1262,20140901,20140930,3,5.88,14.3,19.7,9.1,1.80,26.0,18.5,-0.1,109.1,3,54.1,19.3,eor
1262,20141001,20141031,3,6.25,11.1,15.7,6.3,1.97,24.8,29.7,0.5,88.6,3,78.0,25.2,eor
1262,20141101,20141130,3,6.89,5.7,8.7,2.5,2.20,21.6,14.1,-1.7,52.7,3,36.7,18.1,eor
1262,20141201,20141231,3,7.13,3.0,5.5,-0.6,2.71,13.4,20.6,-16.1,38.3,3,36.8,9.0,eor
1262,20150101,20150131,3,6.95,1.6,4.5,-1.8,2.87,15.8,29.2,-11.8,51.3,3,65.9,26.4,eor
1262,20150201,20150228,3,6.32,-1.5,1.9,-5.6,2.14,8.9,18.3,-13.4,65.7,3,10.6,3.6,eor
1262,20150301,20150331,3,5.43,5.1,10.7,-0.8,2.71,17.8,31.4,-5.5,146.1,3,37.3,8.1,eor
1262,20150401,20150430,3,4.98,8.8,15.2,1.2,2.40,23.2,22.6,-5.0,242.3,3,67.8,23.7,eor
1262,20150501,20150531,3,6.69,13.6,18.3,8.3,2.13,27.0,20.7,3.0,153.6,3,141.6,26.6,eor
1262,20150601,20150630,3,5.54,17.3,22.4,11.7,2.07,30.4,18.3,5.6,218.3,3,94.8,23.9,eor
1262,20150701,20150731,3,4.06,21.2,27.8,13.3,2.10,35.1,18.0,6.3,292.3,3,22.2,6.8,eor
1262,20150801,20150831,3,3.76,20.5,28.2,12.4,1.90,35.3,24.0,7.0,277.5,3,47.6,16.8,eor
1262,20150901,20150930,3,5.51,13.4,19.0,7.6,2.13,31.7,19.7,2.1,129.1,3,43.0,15.4,eor
1262,20151001,20151031,3,6.20,8.4,12.5,3.8,1.84,22.0,13.9,-0.4,86.4,3,57.3,16.5,eor
1262,20151101,20151130,3,5.42,7.0,12.2,1.1,2.73,19.1,25.4,-6.5,120.6,3,60.9,43.7,eor
1262,20151201,20151231,3,5.59,3.7,8.8,-1.6,1.87,14.3,21.8,-6.3,100.1,3,19.8,6.7,eor
1262,20160101,20160131,3,6.78,1.3,4.7,-3.1,2.52,14.6,23.1,-14.3,49.9,3,71.9,18.4,eor
1262,20160201,20160229,3,6.81,4.2,8.2,-0.0,3.07,17.3,25.7,-5.7,59.5,3,56.7,17.5,eor
1262,20160301,20160331,3,5.92,4.4,9.2,-0.5,2.32,21.9,18.5,-5.8,116.4,3,35.3,9.9,eor
1262,20160401,20160430,3,5.83,8.5,14.1,2.2,2.27,22.5,19.2,-3.4,155.4,3,51.5,13.2,eor
1262,20160501,20160531,3,5.55,12.9,18.3,6.9,2.52,27.2,18.7,1.4,193.4,3,84.1,23.8,eor
1262,20160601,20160630,3,5.70,16.8,22.3,11.3,2.03,31.1,18.0,8.0,182.5,3,88.6,18.0,eor
1262,20160701,20160731,3,4.95,19.1,25.1,12.7,2.00,32.5,17.0,8.4,238.3,3,97.9,23.8,eor
1262,20160801,20160831,3,4.03,17.8,24.1,11.2,1.87,30.3,14.1,8.8,265.2,3,72.8,20.8,eor
1262,20160901,20160930,3,3.87,15.7,22.4,8.9,1.77,28.8,17.3,2.3,226.5,3,62.6,30.1,eor
1262,20161001,20161031,3,6.15,8.1,12.4,3.1,1.84,22.2,13.2,-2.1,96.1,3,33.9,6.4,eor
1262,20161101,20161130,3,6.42,3.6,7.4,-0.6,2.23,15.9,16.8,-10.7,78.8,3,61.4,10.8,eor
1262,20161201,20161231,3,6.49,0.3,3.3,-3.0,2.06,11.3,16.5,-10.1,58.9,3,5.8,1.4,eor
